triplet: 10-by-10, nzmax: 40 nnz: 40
    6 6 : 0.5
    5 5 : 0.5
    6 5 : -0.5
    5 6 : -0.5
    4 4 : 0.5
    0 0 : 0.1
    1 1 : 0.001
    6 6 : 10
    0 0 : 10
    6 0 : -10
    0 6 : -10
    5 5 : 0.666667
    2 2 : 0.666667
    5 2 : -0.666667
    2 5 : -0.666667
    4 4 : 10
    2 2 : 10
    4 2 : -10
    2 4 : -10
    4 4 : 0.02
    5 5 : 0.02
    4 5 : -0.02
    5 4 : -0.02
    3 3 : 1
    5 5 : 1
    3 5 : -1
    5 3 : -1
    3 3 : 0.666667
    4 4 : 0.666667
    3 4 : -0.666667
    4 3 : -0.666667
    0 0 : 0
    0 0 : 0
    0 0 : 0
    0 0 : 0
    0 0 : 0
    0 0 : 0
    0 0 : 0
    0 0 : 0
    0 0 : 0
